Time for 3 rounds of updates

'Nelder-Mead': 398.5478844642639
'Powell': 242.1798117160797
'CG':255.604416847229
'BFGS':132.7291042804718
'Newton-CG':219.7702178955078
'L-BFGS-B':88.35002994537354
'TNC':161.7939579486847
'COBYLA':98.35817337036133
'SLSQP':53.49165678024292
'trust-constr':158.33517479896545

Time for 10 rounds
[BFGS: 216.45398807525635, 
'L-BFGS-B':175.08823013305664, 
'COBYLA':245.45857906341553, 
'SLSQP':89.2543568611145]





