7.142857142857141906e-01 -1.595451025859406093e-10 3.563649566282164626e-20 -7.959879698859631629e-30 -1.595451025859406093e-10 3.563649566282215783e-20 -7.959879698859858639e-30 1.777943752376904675e-39 3.563649566282164626e-20 -7.959879698859858639e-30 1.777943752376930777e-39 -3.971271057110247791e-49 -7.959879698859631629e-30 1.777943752376904675e-39 -3.971271057110247791e-49 8.870355874845618282e-59
-1.595451025859406093e-10 7.142857142857141906e-01 -1.595451025859406093e-10 3.563649566282164626e-20 3.563649566282215783e-20 -1.595451025859406093e-10 3.563649566282215783e-20 -7.959879698859858639e-30 -7.959879698859858639e-30 3.563649566282164626e-20 -7.959879698859858639e-30 1.777943752376930777e-39 1.777943752376904675e-39 -7.959879698859631629e-30 1.777943752376904675e-39 -3.971271057110247791e-49
3.563649566282164626e-20 -1.595451025859406093e-10 7.142857142857141906e-01 -1.595451025859406093e-10 -7.959879698859858639e-30 3.563649566282215783e-20 -1.595451025859406093e-10 3.563649566282215783e-20 1.777943752376930450e-39 -7.959879698859858639e-30 3.563649566282164626e-20 -7.959879698859858639e-30 -3.971271057110247791e-49 1.777943752376904675e-39 -7.959879698859631629e-30 1.777943752376904675e-39
-7.959879698859631629e-30 3.563649566282164626e-20 -1.595451025859406093e-10 7.142857142857141906e-01 1.777943752376904675e-39 -7.959879698859858639e-30 3.563649566282215783e-20 -1.595451025859406093e-10 -3.971271057110247791e-49 1.777943752376930450e-39 -7.959879698859858639e-30 3.563649566282164626e-20 8.870355874845618282e-59 -3.971271057110247791e-49 1.777943752376904675e-39 -7.959879698859631629e-30
-1.595451025859406093e-10 3.563649566282215783e-20 -7.959879698859858639e-30 1.777943752376904675e-39 7.142857142857141906e-01 -1.595451025859406093e-10 3.563649566282164626e-20 -7.959879698859631629e-30 -1.595451025859406093e-10 3.563649566282215783e-20 -7.959879698859858639e-30 1.777943752376904675e-39 3.563649566282164626e-20 -7.959879698859858639e-30 1.777943752376930777e-39 -3.971271057110247791e-49
3.563649566282215783e-20 -1.595451025859406093e-10 3.563649566282215783e-20 -7.959879698859858639e-30 -1.595451025859406093e-10 7.142857142857141906e-01 -1.595451025859406093e-10 3.563649566282164626e-20 3.563649566282215783e-20 -1.595451025859406093e-10 3.563649566282215783e-20 -7.959879698859858639e-30 -7.959879698859858639e-30 3.563649566282164626e-20 -7.959879698859858639e-30 1.777943752376930777e-39
-7.959879698859858639e-30 3.563649566282215783e-20 -1.595451025859406093e-10 3.563649566282215783e-20 3.563649566282164626e-20 -1.595451025859406093e-10 7.142857142857141906e-01 -1.595451025859406093e-10 -7.959879698859858639e-30 3.563649566282215783e-20 -1.595451025859406093e-10 3.563649566282215783e-20 1.777943752376930450e-39 -7.959879698859858639e-30 3.563649566282164626e-20 -7.959879698859858639e-30
1.777943752376904675e-39 -7.959879698859858639e-30 3.563649566282215783e-20 -1.595451025859406093e-10 -7.959879698859631629e-30 3.563649566282164626e-20 -1.595451025859406093e-10 7.142857142857141906e-01 1.777943752376904675e-39 -7.959879698859858639e-30 3.563649566282215783e-20 -1.595451025859406093e-10 -3.971271057110247791e-49 1.777943752376930450e-39 -7.959879698859858639e-30 3.563649566282164626e-20
3.563649566282164626e-20 -7.959879698859858639e-30 1.777943752376930450e-39 -3.971271057110247791e-49 -1.595451025859406093e-10 3.563649566282215783e-20 -7.959879698859858639e-30 1.777943752376904675e-39 7.142857142857141906e-01 -1.595451025859406093e-10 3.563649566282164626e-20 -7.959879698859631629e-30 -1.595451025859406093e-10 3.563649566282215783e-20 -7.959879698859858639e-30 1.777943752376904675e-39
-7.959879698859858639e-30 3.563649566282164626e-20 -7.959879698859858639e-30 1.777943752376930450e-39 3.563649566282215783e-20 -1.595451025859406093e-10 3.563649566282215783e-20 -7.959879698859858639e-30 -1.595451025859406093e-10 7.142857142857141906e-01 -1.595451025859406093e-10 3.563649566282164626e-20 3.563649566282215783e-20 -1.595451025859406093e-10 3.563649566282215783e-20 -7.959879698859858639e-30
1.777943752376930777e-39 -7.959879698859858639e-30 3.563649566282164626e-20 -7.959879698859858639e-30 -7.959879698859858639e-30 3.563649566282215783e-20 -1.595451025859406093e-10 3.563649566282215783e-20 3.563649566282164626e-20 -1.595451025859406093e-10 7.142857142857141906e-01 -1.595451025859406093e-10 -7.959879698859858639e-30 3.563649566282215783e-20 -1.595451025859406093e-10 3.563649566282215783e-20
-3.971271057110247791e-49 1.777943752376930777e-39 -7.959879698859858639e-30 3.563649566282164626e-20 1.777943752376904675e-39 -7.959879698859858639e-30 3.563649566282215783e-20 -1.595451025859406093e-10 -7.959879698859631629e-30 3.563649566282164626e-20 -1.595451025859406093e-10 7.142857142857141906e-01 1.777943752376904675e-39 -7.959879698859858639e-30 3.563649566282215783e-20 -1.595451025859406093e-10
-7.959879698859631629e-30 1.777943752376904675e-39 -3.971271057110247031e-49 8.870355874845618282e-59 3.563649566282164626e-20 -7.959879698859858639e-30 1.777943752376930450e-39 -3.971271057110247791e-49 -1.595451025859406093e-10 3.563649566282215783e-20 -7.959879698859858639e-30 1.777943752376904675e-39 7.142857142857141906e-01 -1.595451025859406093e-10 3.563649566282164626e-20 -7.959879698859631629e-30
1.777943752376904675e-39 -7.959879698859631629e-30 1.777943752376904675e-39 -3.971271057110247031e-49 -7.959879698859858639e-30 3.563649566282164626e-20 -7.959879698859858639e-30 1.777943752376930450e-39 3.563649566282215783e-20 -1.595451025859406093e-10 3.563649566282215783e-20 -7.959879698859858639e-30 -1.595451025859406093e-10 7.142857142857141906e-01 -1.595451025859406093e-10 3.563649566282164626e-20
-3.971271057110247791e-49 1.777943752376904675e-39 -7.959879698859631629e-30 1.777943752376904675e-39 1.777943752376930777e-39 -7.959879698859858639e-30 3.563649566282164626e-20 -7.959879698859858639e-30 -7.959879698859858639e-30 3.563649566282215783e-20 -1.595451025859406093e-10 3.563649566282215783e-20 3.563649566282164626e-20 -1.595451025859406093e-10 7.142857142857141906e-01 -1.595451025859406093e-10
8.870355874845618282e-59 -3.971271057110247791e-49 1.777943752376904675e-39 -7.959879698859631629e-30 -3.971271057110247791e-49 1.777943752376930777e-39 -7.959879698859858639e-30 3.563649566282164626e-20 1.777943752376904675e-39 -7.959879698859858639e-30 3.563649566282215783e-20 -1.595451025859406093e-10 -7.959879698859631629e-30 3.563649566282164626e-20 -1.595451025859406093e-10 7.142857142857141906e-01
